QLink Save File
Version: 1.0
TwoPlayerMode: 0

Player1: 1 22 0
Player2: 0 0 0
Time: 300
GameRunning: 1
Paused: 1

Activated: -1 -1

MapData:
0 0 0 0 0 0 0 0 0 0 0 0 0 0 0 0 0 0 0 0 0 0 0 0
0 0 0 0 0 0 0 0 0 0 0 0 0 0 0 0 0 0 0 0 0 0 0 0
0 0 7 1 1 3 1 5 5 8 4 3 2 7 8 1 7 3 3 1 6 1 0 0
0 0 7 5 8 3 4 1 4 4 7 3 6 7 6 2 1 4 8 8 7 5 0 0
0 0 2 5 5 7 1 4 2 7 4 4 1 2 5 2 6 5 8 2 2 2 0 0
0 0 4 4 6 3 4 4 8 2 2 6 6 2 6 3 7 7 5 7 8 8 0 0
0 0 2 2 6 8 6 6 5 5 8 1 7 8 3 5 7 6 4 2 1 2 0 0
0 0 4 2 3 3 5 3 8 6 1 2 8 6 3 8 5 7 4 6 7 4 0 0
0 0 5 5 6 8 3 7 5 6 7 8 5 8 3 8 4 1 6 1 5 7 0 0
0 0 8 4 1 7 5 5 1 8 7 6 3 5 6 6 2 4 8 4 6 2 0 0
0 0 1 2 2 3 7 3 3 6 6 3 5 1 6 5 7 3 8 3 3 1 0 0
0 0 6 1 2 5 8 1 6 2 8 7 4 1 7 8 1 8 1 5 5 7 0 0
0 0 4 3 4 3 3 6 2 5 6 3 4 8 3 4 1 7 7 2 8 3 0 0
0 0 4 4 8 3 4 7 2 1 2 4 7 6 2 5 5 4 1 1 2 1 0 0
0 0 0 0 0 0 0 0 0 0 0 0 0 0 0 0 0 0 0 0 0 0 0 0
0 0 0 0 0 0 0 0 0 0 0 0 0 0 0 0 0 0 0 0 0 0 0 0

Items: 3
9 23 3
0 22 2
12 1 2

HintActive: 0
HintTime: 0
HintBlocks: -1 -1 -1 -1
Player1Dizzy: 0 10
Player2Dizzy: 0 10
