QLink Save File
Version: 1.0
TwoPlayerMode: 0

Player1: 1 15 330
Player2: 0 0 0
Time: 264
GameRunning: 1
Paused: 0

Activated: -1 -1

MapData:
0 0 0 0 0 0 0 0 0 0 0 0 0 0 0 0 0 0 0 0 0 0 0 0
0 0 0 0 0 0 0 0 0 0 0 0 0 0 0 0 0 0 0 0 0 0 0 0
0 0 4 0 6 1 0 5 4 3 0 0 0 0 0 0 0 7 1 8 0 2 0 0
0 0 5 8 3 7 4 4 1 7 7 5 5 2 4 2 4 3 7 8 4 6 0 0
0 0 7 6 5 3 5 3 7 5 2 6 2 5 3 3 1 8 4 1 1 1 0 0
0 0 6 6 1 6 6 8 3 5 8 6 5 8 7 4 4 3 5 3 1 8 0 0
0 0 2 1 2 3 8 1 3 2 2 8 1 2 7 6 8 1 7 6 3 1 0 0
0 0 0 7 2 2 2 2 8 2 4 7 2 4 6 2 7 6 5 5 8 8 0 0
0 0 0 6 2 5 3 3 3 7 7 8 4 3 3 1 8 4 1 1 2 4 0 0
0 0 0 3 8 7 6 8 1 3 7 5 4 6 8 7 4 7 2 2 7 5 0 0
0 0 3 5 8 7 1 2 8 3 4 2 5 4 8 8 2 3 6 8 6 6 0 0
0 0 3 4 6 7 7 4 4 6 5 1 3 7 2 4 6 1 1 2 8 4 0 0
0 0 4 4 7 5 3 1 5 4 5 7 4 1 5 6 1 1 8 3 5 4 0 0
0 0 0 7 1 6 5 5 5 3 2 8 2 6 4 5 5 5 8 1 6 7 0 0
0 0 0 0 0 0 0 0 0 0 0 0 0 0 0 0 0 0 0 0 0 0 0 0
0 0 0 0 0 0 0 0 0 0 0 0 0 0 0 0 0 0 0 0 0 0 0 0

Items: 6
15 17 4
10 22 4
0 8 2
14 17 3
11 23 2
7 23 4

HintActive: 0
HintTime: -5
HintBlocks: -1 -1 -1 -1
Player1Dizzy: 0 10
Player2Dizzy: 0 10
